-1 -1 -1 
-1 -1 0.298927 
-1 -1 0.999947 
-1 -0.567204 0.174982 
-0.791548 -1 0.36682 
-1 -1 1 
-0.621262 -0.547323 0.292645 
-1 -0.373124 0.373124 
-1 -0.37437 -0.639241 
-0.391266 -1 0.047475 
-1 -0.999925 0.999925 
-1 0.173144 1 
-0.999971 -1 0.999971 
-0.999967 -1 1 
-0.344928 -0.87682 0.0272907 
-0.671495 -0.357126 -0.537185 
-1 -0.165169 0.165169 
-1 -0.245321 0.503603 
-1 -0.0981359 -0.71835 
-0.131939 -1 0.131939 
-0.465274 -1 -0.437889 
-1 1 1 
-1 0.258515 0.639532 
-0.504275 0.23564 1 
-0.999884 -1 0.999884 
-0.271231 -1 1 
0.0789774 -0.854568 0.158985 
-0.375456 -0.761233 -0.477013 
-0.222953 -0.891961 -0.967904 
-0.481271 0.14855 -0.620044 
-1 0.440296 -0.440296 
-1 0.0441685 0.420699 
-0.455923 -0.216761 0.672632 
-1 -0.064576 -0.806642 
-0.915783 0.125742 -0.755034 
-1 0.226161 -0.674163 
0.215997 -1 -0.215997 
0.0242691 -1 0.182816 
-0.215823 -1 -0.636901 
-1 1 0.999845 
-0.999936 0.999936 1 
-0.999982 1 0.999982 
-0.999984 1 1 
-0.517013 0.283868 0.789581 
-0.322084 -0.00756395 1 
0.999744 -1 1 
-0.337651 -1 0.564407 
-0.149491 -0.69653 1 
0.084184 -0.874281 0.244997 
-0.203248 -0.966571 -0.642379 
0.483018 -0.71617 -0.210311 
-0.149269 -0.696083 -1 
0.707077 -0.843141 -0.678971 
-0.30907 -0.0567798 -0.785403 
-0.504272 0.235636 -1 
-1 0.999967 -0.999967 
-1 0.443204 -0.452577 
-1 0.326027 0.0421931 
-0.34483 0.0785601 0.624241 
-1 0.119825 0.101245 
-0.436106 -0.291794 1 
-0.92099 0.145458 -0.841059 
-1 0.141311 -0.865605 
-1 0.239669 -0.765188 
0.427401 -1 -0.427401 
0.0368917 -1 0.265597 
-0.271189 -1 -1 
-1 1 0.298993 
-0.180095 0.180095 1 
-0.9994 1 0.9994 
-0.2713 1 1 
-0.251823 0.00129373 1 
0.999971 -1 1 
-0.17438 -0.565973 0.493287 
-0.143855 -0.681549 0.997545 
-0.135954 -0.681134 1 
-0.146412 -0.678501 1 
0.518753 -0.85147 0.380004 
0.655226 -0.921507 -0.375676 
-0.136208 -0.681228 -1 
-0.146298 -0.678687 -1 
0.748505 -1 0.00540593 
1 -0.064455 -0.806566 
-0.322061 -0.00759431 -1 
-0.237498 -0.0530228 -0.763168 
-0.420172 -0.352124 -0.737008 
-1 0.17314 -1 
-1 1 -1 
-0.668266 0.460618 -0.349517 
-1 0.670101 0.39347 
-0.637741 0.345043 0.154736 
-0.292931 0.156941 0.32091 
0.99993 -1 -0.99993 
0.625699 -1 -0.362815 
0.462879 -1 0.404343 
-0.999962 -1 -1 
0.999713 -1 -1 
-1 1 -0.999061 
-0.791729 1 0.366827 
0.108797 -0.108797 1 
-0.0653634 0.466093 1 
-0.131917 1 0.131917 
0.999015 1 1 
-0.338967 0.831322 1 
-0.337713 1 0.564453 
1 -1 1 
0.331745 -0.539406 0.650525 
0.3529 -0.619505 1 
0.643319 -1 0.260388 
0.675957 -1 -0.0332125 
0.352868 -0.619571 -1 
0.362242 -0.655063 -0.845147 
-0.436092 -0.291847 -1 
0.782473 -1 0.228177 
1 -0.0979894 -0.718341 
1 0.141351 -0.865505 
-0.251835 0.00125902 -1 
-0.0558194 0.429939 -0.842306 
0.0859016 -0.325559 -0.579787 
-1 0.999972 -1 
-0.180093 0.180093 -1 
-0.271315 1 -1 
-0.465363 1 -0.4379 
-0.914133 0.674609 0.420146 
-0.391362 1 0.0474152 
0.0242075 1 0.182767 
1 -1 -1 
0.429231 -0.429231 1 
-0.10605 0.620144 0.327876 
0.360983 0.519842 1 
0.215983 1 -0.215983 
0.999904 1 1 
-0.364623 0.928463 0.576175 
0.0368429 1 0.265633 
1 -1 0.999977 
1 -0.99998 0.99998 
0.999975 -0.999975 1 
1 -0.99983 1 
0.718025 -1 0.279594 
0.624507 0.238852 0.523 
0.429227 -0.429227 -1 
0.655022 0.123243 -0.97268 
1 -1 0.299026 
0.94418 -0.570131 0.157739 
0.893943 -0.379923 -0.672143 
1 0.226173 -0.674172 
1 -0.374355 -0.639195 
1 0.173204 -1 
1 0.239671 -0.765128 
-0.0653653 0.466082 -1 
0.378682 0.452747 -0.707319 
-0.314403 0.73827 -0.593997 
0.108788 -0.108788 -1 
0.998971 1 -1 
-0.33898 0.831326 -1 
-0.215947 1 -0.636884 
1 -1 -0.999954 
0.999847 -0.999847 -1 
1 -0.999674 -1 
0.999864 -0.999864 1 
0.653382 0.129524 1 
0.328468 0.642953 0.462867 
0.427358 1 -0.427358 
1 1 1 
0.46278 1 0.404362 
1 -0.373172 0.373172 
1 -0.999709 1 
0.796811 0.0333995 0.357543 
1 0.258563 0.639655 
0.653369 0.129504 -1 
1 -1 -0.999644 
1 -0.567201 0.17508 
0.685712 -0.261938 0.405937 
0.635475 -0.0717294 -0.423945 
0.825715 0.433989 -0.506812 
1 0.443137 -0.452667 
1 0.99999 -1 
0.544055 0.783333 -0.3273 
0.360965 0.519829 -1 
0.999961 1 -1 
1 0.173222 1 
0.777108 0.108002 0.0320538 
0.999642 1 -0.999642 
0.62556 1 -0.362803 
1 0.999976 1 
1 1 0.299116 
0.643254 1 0.26038 
1 -0.165334 0.165334 
1 -0.24544 0.503577 
1 0.0440655 0.420667 
0.856248 0.318382 -0.00241898 
1 0.44018 -0.44018 
1 1 -1 
0.579791 0.648024 0.263052 
1 0.119702 0.1013 
0.999992 1 -0.999992 
0.67586 1 -0.0329268 
1 1 -0.999252 
1 0.670082 0.393599 
0.782393 1 0.228241 
0.690848 0.943249 0.214677 
0.718017 1 0.2796 
1 0.325928 0.0422405 
1 0.999995 -0.999995 
1 1 -0.99999 
0.748463 1 0.00572121 
1 1 -0.999769 
0.762459 0.947008 0.236924 
0 1 
0 86 
0 95 
1 2 
1 3 
1 4 
2 5 
3 6 
3 7 
3 8 
4 6 
4 9 
5 10 
5 11 
5 12 
5 13 
6 14 
6 15 
7 10 
7 16 
7 17 
8 15 
8 18 
9 14 
9 19 
9 20 
11 21 
11 22 
11 23 
12 24 
13 25 
14 26 
14 27 
15 28 
15 29 
16 30 
17 31 
17 32 
18 33 
18 34 
18 35 
19 24 
19 36 
19 37 
20 27 
20 38 
21 39 
21 40 
21 41 
21 42 
22 31 
22 43 
23 43 
23 44 
25 45 
25 46 
25 47 
26 32 
26 37 
26 48 
27 49 
27 50 
28 49 
28 51 
28 52 
29 34 
29 53 
29 54 
30 55 
30 56 
30 57 
31 58 
31 59 
32 58 
32 60 
33 61 
33 62 
34 35 
34 61 
35 56 
35 63 
36 64 
37 65 
38 49 
38 64 
38 66 
39 67 
40 68 
41 69 
42 70 
43 58 
44 58 
44 60 
44 71 
45 72 
46 65 
46 73 
47 74 
47 75 
47 76 
48 65 
48 73 
48 77 
49 78 
50 77 
50 78 
51 66 
51 79 
51 80 
52 81 
52 82 
53 83 
53 84 
53 85 
54 83 
54 86 
55 87 
56 88 
57 59 
57 89 
57 90 
59 91 
60 76 
61 62 
61 63 
62 63 
62 86 
64 92 
64 93 
65 94 
66 95 
66 96 
67 89 
67 97 
67 98 
68 71 
68 99 
68 100 
69 101 
70 102 
70 103 
70 104 
71 91 
72 105 
73 74 
73 106 
74 75 
74 76 
75 76 
75 107 
77 94 
77 108 
78 93 
78 109 
79 80 
79 110 
79 111 
80 85 
80 112 
81 109 
81 113 
82 114 
82 115 
83 112 
83 116 
84 88 
84 116 
84 117 
85 112 
85 118 
86 119 
87 97 
87 119 
87 120 
87 121 
88 90 
88 122 
89 123 
90 123 
90 124 
91 125 
92 126 
93 109 
94 108 
96 126 
98 123 
98 124 
99 127 
100 103 
100 128 
100 129 
101 124 
101 125 
101 130 
102 131 
103 132 
104 132 
104 133 
105 134 
105 135 
105 136 
105 137 
106 107 
106 138 
106 139 
107 127 
108 109 
108 138 
110 111 
110 140 
111 118 
111 141 
113 138 
113 142 
113 143 
114 144 
114 145 
114 146 
115 141 
115 147 
115 148 
116 120 
117 149 
117 150 
117 151 
118 150 
120 149 
120 152 
121 153 
121 154 
121 155 
122 124 
122 155 
125 133 
126 156 
126 157 
126 158 
127 159 
127 160 
128 132 
128 133 
128 161 
129 160 
129 161 
130 162 
131 163 
133 164 
134 142 
135 165 
136 159 
137 166 
139 160 
139 167 
139 168 
140 152 
140 157 
140 169 
141 150 
141 169 
142 170 
142 171 
143 144 
143 171 
143 172 
144 146 
144 173 
145 148 
145 174 
145 175 
146 171 
147 158 
147 169 
147 176 
148 177 
149 154 
149 178 
150 178 
151 154 
151 155 
151 177 
153 179 
155 162 
156 170 
160 180 
161 164 
161 181 
162 182 
162 183 
163 184 
163 185 
164 186 
165 171 
165 187 
165 188 
166 180 
167 172 
167 181 
167 189 
168 180 
168 189 
169 178 
172 173 
172 188 
173 174 
174 175 
174 190 
175 191 
176 192 
177 183 
177 193 
179 192 
180 184 
181 190 
181 194 
182 195 
183 196 
185 197 
185 198 
185 199 
186 196 
186 200 
186 201 
187 191 
188 189 
189 194 
190 193 
190 202 
191 202 
191 203 
192 195 
192 203 
192 204 
193 198 
193 200 
194 202 
196 200 
196 205 
197 206 
198 202 
199 201 
199 205 
199 207 
200 207 
201 207 
204 206 
205 207 
3 0 1 2 
4 0 3 4 5 
2 3 6 
4 4 7 8 9 
3 5 10 11 
5 6 12 13 14 15 
4 7 10 16 17 
4 8 18 19 20 
3 9 21 22 
4 11 23 24 25 
2 12 18 
4 13 26 27 28 
2 14 29 
2 15 30 
4 16 23 31 32 
4 17 21 33 34 
2 19 35 
3 20 36 37 
4 22 38 39 40 
4 24 41 42 43 
3 25 44 45 
5 26 46 47 48 49 
3 27 50 51 
3 28 52 53 
2 29 41 
4 30 54 55 56 
4 31 57 58 59 
4 32 44 60 61 
4 33 62 63 64 
4 34 65 66 67 
4 35 68 69 70 
4 36 50 71 72 
4 37 57 73 74 
3 38 75 76 
4 39 65 77 78 
4 40 77 79 80 
2 42 81 
3 43 58 82 
4 45 83 84 85 
2 46 86 
2 47 87 
2 48 88 
2 49 89 
3 51 52 90 
4 53 91 92 93 
2 54 94 
3 55 95 96 
4 56 97 98 99 
4 59 100 101 102 
4 60 62 83 103 
3 61 104 105 
4 63 106 107 108 
3 64 109 110 
4 66 111 112 113 
3 67 114 115 
2 68 116 
3 69 79 117 
4 70 118 119 120 
4 71 73 90 91 
3 72 118 121 
3 74 92 122 
4 75 78 123 124 
4 76 123 125 126 
3 80 124 125 
4 81 84 127 128 
4 82 95 100 129 
4 85 106 130 131 
4 86 132 133 134 
4 87 135 136 137 
2 88 138 
4 89 139 140 141 
3 93 135 142 
2 94 143 
4 96 101 144 145 
4 97 144 146 147 
4 98 146 148 149 
4 99 122 147 148 
4 102 104 150 151 
4 103 105 152 153 
4 107 154 155 156 
4 108 154 157 158 
3 109 159 160 
3 110 161 162 
4 111 114 163 164 
4 112 165 166 167 
4 113 157 168 169 
4 1 115 126 170 
5 116 171 172 173 174 
4 117 165 175 176 
3 119 132 177 
4 120 175 178 179 
3 121 142 180 
2 127 181 
3 128 152 182 
3 129 150 183 
2 2 130 
2 131 184 
2 133 171 
3 134 185 186 
2 136 187 
4 137 188 189 190 
4 138 191 192 193 
2 139 194 
3 140 188 195 
3 141 196 197 
5 143 198 199 200 201 
4 145 202 203 204 
3 149 202 205 
4 151 183 206 207 
4 153 159 182 206 
3 155 208 209 
4 156 208 210 211 
3 158 163 168 
4 160 212 213 214 
4 161 215 216 217 
4 162 218 219 220 
3 164 166 221 
4 167 222 223 224 
3 169 210 225 
2 170 172 
4 173 221 226 227 
4 174 228 229 230 
3 176 231 232 
3 177 178 185 
4 179 186 191 231 
3 180 192 233 
5 181 184 234 235 236 
4 187 205 237 238 
4 189 239 240 241 
3 190 242 243 
2 193 244 
2 194 245 
3 195 196 239 
4 197 233 240 246 
2 198 247 
2 199 248 
2 200 249 
2 201 250 
3 203 207 212 
4 204 251 252 253 
4 209 254 255 256 
4 211 218 257 258 
4 213 247 259 260 
4 214 261 262 263 
4 215 261 264 265 
4 216 266 267 268 
3 217 264 269 
4 219 270 271 272 
3 220 266 273 
4 222 226 274 275 
4 223 225 257 276 
4 224 277 278 279 
2 227 254 
2 228 280 
3 229 274 277 
4 230 232 278 281 
2 234 282 
2 235 255 
2 236 270 
2 237 249 
4 238 242 251 283 
4 241 243 284 285 
4 244 281 286 287 
3 245 288 289 
3 246 284 290 
4 248 291 292 293 
2 250 294 
4 252 295 296 297 
3 253 298 299 
4 256 258 271 300 
2 259 282 
4 260 262 269 291 
4 263 295 301 302 
3 265 301 303 
4 267 303 304 305 
3 268 304 306 
2 272 307 
4 273 279 308 309 
3 275 276 300 
2 280 310 
4 283 294 298 311 
4 285 296 312 313 
2 286 314 
3 287 308 315 
2 288 311 
4 289 316 317 318 
4 290 319 320 321 
2 292 322 
3 293 302 323 
4 297 299 323 324 
4 305 312 325 326 
4 306 322 327 328 
5 307 310 329 330 331 
4 309 325 332 333 
3 313 324 334 
2 314 329 
4 315 319 335 336 
2 316 337 
3 317 332 338 
4 318 339 340 341 
4 320 333 335 342 
3 321 339 343 
4 326 327 334 338 
2 328 330 
2 331 344 
3 336 340 345 
2 337 344 
4 341 342 343 345 
